0.024877,0.481818,0.009589,0.173186,0.000000,0.001143,homer
0.000000,0.584900,0.049468,0.000000,0.000000,0.000000,homer
0.000000,0.715885,0.041571,0.000000,0.000000,0.000000,homer
0.000000,0.731699,0.010628,0.084396,0.000000,0.000000,homer
0.000000,0.385668,0.000000,0.000000,0.000000,0.000538,homer
0.000000,0.558654,0.018479,0.091313,0.000000,0.009397,homer
0.000000,0.707239,0.009324,0.098845,0.000000,0.000000,homer
0.000000,0.719884,0.038346,0.000019,0.000000,0.000011,homer
0.000000,0.702441,0.007442,0.101865,0.000000,0.000596,homer
0.000000,0.569678,0.000000,0.000000,0.000000,0.000000,homer
0.005822,0.402343,0.006338,0.036345,0.000000,0.000052,homer
0.018744,0.563896,0.010192,0.132989,0.000000,0.000000,homer
0.000000,0.602198,0.013562,0.152033,0.000000,0.000289,homer
0.000000,0.452580,0.020875,0.330705,0.000000,0.006533,homer
0.000000,0.573759,0.004708,0.000000,0.024711,0.000904,homer
0.000000,0.492220,0.013792,0.003847,0.000000,0.002361,homer
0.000000,0.674153,0.014095,0.000000,0.000000,0.004263,homer
0.000000,0.569208,0.016089,0.141688,0.000000,0.000000,homer
0.025075,0.631971,0.010040,0.112252,0.000000,0.000000,homer
0.000000,0.626296,0.013510,0.131860,0.000000,0.000000,homer
0.000000,0.572994,0.000000,0.110475,0.000000,0.001381,homer
0.000000,0.588116,0.025364,0.137472,0.000000,0.000000,homer
0.000000,0.652891,0.011926,0.136465,0.000000,0.000000,homer
0.000000,0.747055,0.002945,0.097397,0.000000,0.000000,homer
0.012403,0.592998,0.000000,0.146958,0.000000,0.000703,homer
0.000000,0.537960,0.020100,0.000000,0.000000,0.001969,homer
0.000000,0.515796,0.000000,0.010327,0.000000,0.000367,homer
0.000000,0.533365,0.016658,0.040091,0.000000,0.000709,homer
0.000000,0.532115,0.012246,0.000000,0.000000,0.004614,homer
0.000000,0.578656,0.000000,0.174137,0.000000,0.000532,homer
0.000000,0.582832,0.076549,0.000000,0.000000,0.000000,homer
0.000000,0.642687,0.000000,0.000780,0.000000,0.000667,homer
0.000000,0.223719,0.000000,0.036150,0.000000,0.000000,homer
0.000000,0.634027,0.000000,0.004474,0.000000,0.040140,homer
0.000000,0.642851,0.000045,0.000000,0.000000,0.001444,homer
0.000000,0.661586,0.000000,0.000000,0.000000,0.000000,homer
0.000000,0.454803,0.000000,0.000000,0.000000,0.000000,homer
0.000000,0.559552,0.000000,0.000000,0.000000,0.000000,homer
0.000000,0.533483,0.000000,0.000000,0.000000,0.000000,homer
0.000000,0.698266,0.003890,0.000000,0.000000,0.000144,homer
0.005256,0.651535,0.004205,0.000000,0.000000,0.013439,homer
0.000000,0.411998,0.002937,0.000000,0.000000,0.000000,homer
0.000000,0.687440,0.000000,0.000000,0.000000,0.000000,homer
0.000000,0.742509,0.004725,0.000000,0.000000,0.014852,homer
0.000000,0.465968,0.054454,0.000000,0.000000,0.000000,homer
0.000000,0.578344,0.019678,0.000000,0.000000,0.000000,homer
0.000000,0.557881,0.005914,0.288664,0.000000,0.000000,homer
0.000000,0.613999,0.001592,0.000000,0.000000,0.000000,homer
0.000000,0.581558,0.020026,0.000000,0.000000,0.000000,homer
0.000000,0.577208,0.000000,0.000000,0.000000,0.133074,homer
0.000000,0.569678,0.000000,0.000000,0.000000,0.000000,homer
0.000000,0.451555,0.000000,0.000000,0.000000,0.001624,homer
0.000000,0.337778,0.002623,0.006890,0.000000,0.000000,homer
0.000000,0.453511,0.000000,0.030271,0.000000,0.000000,homer
0.000000,0.542951,0.000000,0.000000,0.000000,0.000000,homer
0.000000,0.723322,0.000000,0.023666,0.000000,0.001351,homer
0.000000,0.540781,0.000000,0.000000,0.000000,0.000000,homer
0.000000,0.579306,0.000000,0.000000,0.000000,0.000000,homer
0.000000,0.539036,0.000000,0.000000,0.000000,0.000155,homer
0.000000,0.636364,0.000000,0.053091,0.000000,0.000000,homer
0.000000,0.640092,0.000042,0.114915,0.000000,0.000000,homer
0.000000,0.720752,0.000131,0.000000,0.000000,0.001831,homer
0.068861,0.603634,0.000000,0.036686,0.000000,0.000648,bart
0.036564,0.663399,0.000000,0.043885,0.000000,0.010523,bart
0.053806,0.632869,0.000689,0.042853,0.000000,0.015104,bart
0.096551,0.462141,0.000000,0.000000,0.000000,0.000000,bart
0.000000,0.704178,0.000000,0.002522,0.000000,0.029586,bart
0.000000,0.695249,0.000000,0.070959,0.000000,0.000840,bart
0.043490,0.579816,0.000000,0.050147,0.000000,0.000000,bart
0.058296,0.594746,0.000000,0.030070,0.088485,0.000000,bart
0.078886,0.515173,0.000000,0.053118,0.034624,0.000973,bart
0.050049,0.376652,0.000000,0.033081,0.000000,0.000000,bart
0.195454,0.396955,0.000000,0.000000,0.000000,0.000000,bart
0.118873,0.452814,0.000000,0.071542,0.000000,0.001342,bart
0.057388,0.567769,0.000000,0.035091,0.113678,0.000000,bart
0.051262,0.552856,0.000000,0.074905,0.000000,0.000000,bart
0.046582,0.673078,0.024528,0.040090,0.000000,0.032153,bart
0.007217,0.415941,0.000000,0.007796,0.000000,0.000000,bart
0.171644,0.373430,0.000000,0.000000,0.000000,0.000000,bart
0.000000,0.727785,0.000000,0.000000,0.000000,0.000000,bart
0.020873,0.687004,0.002564,0.003665,0.000000,0.000948,bart
0.000000,0.565512,0.000000,0.000000,0.045238,0.000000,bart
0.082565,0.535997,0.000000,0.001674,0.000000,0.000582,bart
0.000000,0.575232,0.000000,0.000000,0.000000,0.000000,bart
0.083758,0.494662,0.000000,0.077300,0.009712,0.000000,bart
0.060858,0.563981,0.000000,0.010173,0.000000,0.000000,bart
0.020542,0.622663,0.000000,0.024303,0.000000,0.004534,bart
0.063113,0.619929,0.000000,0.000000,0.000000,0.015830,bart
0.083480,0.498305,0.000000,0.085126,0.000000,0.000393,bart
0.000000,0.540415,0.000000,0.000000,0.000000,0.004782,bart
0.099285,0.454793,0.000000,0.000000,0.000000,0.001290,bart
0.000000,0.602995,0.000000,0.030731,0.000000,0.069903,bart
0.000000,0.531059,0.000000,0.000811,0.000000,0.009319,bart
0.053562,0.625889,0.000000,0.044215,0.000000,0.000000,bart
0.076310,0.632957,0.000761,0.080584,0.000000,0.002601,bart
0.000000,0.474578,0.000000,0.142842,0.000000,0.001129,bart
0.000000,0.437390,0.044374,0.000000,0.000000,0.038745,bart
0.034515,0.618982,0.000000,0.039255,0.044069,0.000000,bart
0.000000,0.584025,0.000000,0.064166,0.000000,0.000981,bart
0.013334,0.534145,0.000000,0.025047,0.000000,0.003294,bart
0.030170,0.473709,0.000000,0.023592,0.000000,0.000940,bart
0.101545,0.543646,0.000000,0.000000,0.000000,0.000000,bart
0.000000,0.325103,0.000000,0.030902,0.000000,0.000000,bart
0.044426,0.676685,0.000000,0.016157,0.000000,0.000000,bart
0.086672,0.631277,0.000000,0.040714,0.000000,0.000000,bart
0.081136,0.525472,0.000000,0.060507,0.000000,0.000000,bart
0.062424,0.462286,0.000000,0.000968,0.000000,0.000000,bart
0.000000,0.538814,0.000000,0.152315,0.000000,0.002568,bart
0.000000,0.718447,0.000000,0.023235,0.000000,0.000894,bart
0.000009,0.550366,0.000000,0.016531,0.000000,0.000000,bart
0.000000,0.437390,0.044374,0.000000,0.000000,0.038745,bart
0.000000,0.659870,0.000000,0.033741,0.000000,0.000000,bart
0.024932,0.636416,0.000000,0.009211,0.000000,0.000261,bart
0.000000,0.646341,0.000000,0.016879,0.000000,0.000000,bart
0.083862,0.456667,0.000000,0.057919,0.000000,0.002663,bart
0.000000,0.125144,0.000000,0.000000,0.000000,0.000000,bart
0.000647,0.343170,0.000000,0.000000,0.000000,0.000000,bart
0.000000,0.341311,0.000000,0.005285,0.000000,0.000000,bart
0.000000,0.392091,0.000000,0.000000,0.000000,0.082140,bart
0.101545,0.543646,0.000000,0.000000,0.000000,0.000000,bart
0.119016,0.541531,0.000000,0.004480,0.000000,0.002483,bart
0.024231,0.548441,0.000000,0.038032,0.127504,0.000000,bart
0.000000,0.595314,0.000000,0.000000,0.000000,0.001336,bart
0.000000,0.518275,0.000000,0.006556,0.000000,0.000000,bart
0.000000,0.503381,0.000000,0.001505,0.000000,0.000000,bart
0.129648,0.586406,0.000000,0.021230,0.000000,0.008544,bart
0.036958,0.655825,0.000000,0.029674,0.000000,0.000000,bart
0.001781,0.744966,0.002525,0.024718,0.000000,0.000437,bart
0.041586,0.689883,0.000000,0.022374,0.000000,0.000727,bart
0.005407,0.485802,0.000000,0.044025,0.000000,0.000000,bart
0.072861,0.592923,0.000000,0.055230,0.000000,0.001662,bart
0.121242,0.453847,0.000000,0.000000,0.000000,0.000000,bart
0.080905,0.522160,0.000000,0.063399,0.000000,0.008456,bart
0.020188,0.518648,0.000386,0.000000,0.000000,0.000654,bart
0.084743,0.593147,0.000000,0.057392,0.000000,0.000000,bart
0.000000,0.527816,0.000000,0.012265,0.000000,0.000000,bart
0.034608,0.490649,0.000000,0.000767,0.000000,0.001905,bart
0.104294,0.368596,0.000000,0.001381,0.000000,0.004075,bart
0.000000,0.588018,0.000000,0.000000,0.000000,0.008409,bart
0.042457,0.532287,0.000000,0.027923,0.000000,0.049555,bart
0.082290,0.511439,0.002218,0.065813,0.000000,0.000000,bart
0.000000,0.573370,0.000000,0.000000,0.000000,0.000000,bart
0.000000,0.456530,0.000000,0.000000,0.000000,0.023002,lisa
0.000000,0.478316,0.000000,0.000000,0.000000,0.103105,lisa
0.000000,0.568196,0.000000,0.000000,0.000000,0.051211,lisa
0.000000,0.431624,0.000000,0.000000,0.000000,0.030740,lisa
0.000000,0.503899,0.000000,0.000000,0.000000,0.092588,lisa
0.000000,0.635814,0.000000,0.000000,0.000000,0.099160,lisa
0.000000,0.614914,0.000000,0.000000,0.000000,0.068848,lisa
0.023809,0.583297,0.000000,0.034605,0.000000,0.038929,lisa
0.000000,0.502500,0.000000,0.000000,0.000000,0.076184,lisa
0.000000,0.619606,0.000000,0.005830,0.000000,0.051352,lisa
0.000000,0.493093,0.000000,0.000000,0.000000,0.069349,lisa
0.000000,0.590964,0.000000,0.000000,0.000000,0.020253,lisa
0.000000,0.540736,0.000000,0.000000,0.000000,0.015127,lisa
0.015519,0.665928,0.000000,0.000000,0.000000,0.026324,lisa
0.000000,0.477427,0.000000,0.000000,0.000000,0.110248,lisa
0.000000,0.632469,0.000000,0.000000,0.000000,0.027178,lisa
0.000000,0.559964,0.000000,0.000000,0.000000,0.080972,lisa
0.000045,0.746685,0.000000,0.000000,0.000000,0.044683,lisa
0.012001,0.517933,0.000000,0.000000,0.000000,0.032870,lisa
0.000000,0.459000,0.000000,0.000000,0.000000,0.075576,lisa
0.000000,0.568886,0.000000,0.000000,0.000000,0.097004,lisa
0.000000,0.551163,0.000000,0.000000,0.000000,0.114331,lisa
0.000000,0.668349,0.000000,0.000000,0.000000,0.070737,lisa
0.000000,0.485200,0.000000,0.000000,0.000000,0.084193,lisa
0.000000,0.478268,0.000000,0.000000,0.000000,0.042393,lisa
0.000000,0.519274,0.000000,0.000000,0.000000,0.005265,lisa
0.000000,0.419983,0.000000,0.000000,0.000000,0.153570,lisa
0.000000,0.665345,0.000000,0.000000,0.000000,0.000000,lisa
0.000000,0.509985,0.000000,0.000000,0.000000,0.000000,lisa
0.000000,0.644796,0.000000,0.000000,0.000000,0.077719,lisa
0.000000,0.528518,0.000000,0.000000,0.000000,0.039866,lisa
0.000000,0.564503,0.000000,0.000000,0.000000,0.111229,lisa
0.000000,0.473823,0.000000,0.000000,0.000000,0.112323,lisa
0.016411,0.574503,0.000000,0.000000,0.000000,0.017685,other
0.000000,0.359102,0.000000,0.017194,0.000000,0.203080,other
0.000000,0.574925,0.000000,0.000000,0.000000,0.000000,other
0.000000,0.502480,0.000000,0.000000,0.000000,0.002699,other
0.000000,0.363478,0.000000,0.000000,0.000000,0.000000,other
0.000000,0.400871,0.000000,0.222422,0.000000,0.000000,other
0.000000,0.417058,0.000000,0.136732,0.000000,0.000000,other
0.000000,0.417418,0.000000,0.000000,0.000000,0.002000,other
0.000000,0.295526,0.000000,0.000000,0.000000,0.000000,other
0.000000,0.530984,0.000000,0.001508,0.000000,0.046476,other
0.000000,0.575998,0.000000,0.002127,0.000000,0.053151,other
0.000000,0.266392,0.000000,0.112267,0.000000,0.036191,other
0.000000,0.513590,0.000000,0.053450,0.000000,0.001496,other
0.000000,0.193878,0.000000,0.006231,0.000000,0.000000,other
0.000000,0.330654,0.000000,0.009978,0.000000,0.000000,other
0.000000,0.408447,0.000000,0.000000,0.000000,0.000000,other
0.000000,0.538062,0.000000,0.000000,0.000000,0.000000,other
0.000000,0.488008,0.000000,0.000000,0.000000,0.000000,other
0.000000,0.396384,0.000000,0.000000,0.000000,0.000000,other
0.000000,0.450155,0.000000,0.000000,0.000000,0.000000,other
0.000000,0.505608,0.003436,0.000000,0.000000,0.105380,other
0.000000,0.240271,0.000000,0.000000,0.000000,0.000000,other
0.000000,0.469788,0.000000,0.000000,0.000000,0.000000,other
0.000000,0.188218,0.000000,0.013264,0.000000,0.000000,other
0.000000,0.316330,0.000000,0.000000,0.000000,0.000000,other
0.000000,0.421905,0.000000,0.000000,0.000000,0.000000,other
0.000000,0.295392,0.000000,0.000000,0.000000,0.000000,other
0.000000,0.299099,0.000000,0.114964,0.000000,0.000000,other
0.000000,0.360472,0.000000,0.000000,0.000000,0.000000,other
0.000000,0.312759,0.000000,0.003355,0.000000,0.000000,other
0.000000,0.196761,0.000000,0.000000,0.000000,0.100148,other
0.000000,0.529903,0.000000,0.000846,0.000000,0.000000,other
0.000000,0.341456,0.000000,0.000000,0.000000,0.000000,other
0.000000,0.441457,0.000000,0.000601,0.000000,0.125236,other
0.000000,0.473698,0.000000,0.000000,0.000000,0.000000,other
0.000000,0.617024,0.000000,0.000000,0.000000,0.000000,other
0.000000,0.639045,0.000000,0.000258,0.000000,0.000000,other
0.000000,0.490108,0.000000,0.000000,0.000000,0.000000,other
0.000000,0.476319,0.000000,0.002580,0.000000,0.045637,other
0.000000,0.511288,0.000000,0.000000,0.000000,0.000000,other
0.000000,0.551639,0.000018,0.000000,0.000000,0.000000,other
0.000000,0.700637,0.000000,0.000000,0.000000,0.000000,other
0.000000,0.434967,0.000000,0.001892,0.000000,0.048769,other
0.000000,0.549526,0.000000,0.000000,0.000000,0.007358,other
0.000000,0.474896,0.000757,0.000000,0.000000,0.000000,other
0.000000,0.419873,0.000000,0.185584,0.000000,0.000628,other
0.005457,0.615642,0.021401,0.000000,0.000000,0.006120,other
0.000000,0.609506,0.000000,0.000000,0.000000,0.000000,other
0.000000,0.436829,0.000000,0.000021,0.000000,0.093125,other
0.000000,0.623967,0.000000,0.000000,0.000000,0.012355,other
0.000000,0.636092,0.000000,0.000000,0.000000,0.043535,other
0.000000,0.611842,0.000000,0.000000,0.000000,0.000000,other
0.000000,0.468770,0.000000,0.000000,0.000000,0.000000,other
0.000000,0.477425,0.000000,0.000000,0.000000,0.000000,other
0.000000,0.492858,0.000339,0.000620,0.000000,0.000000,other
0.000000,0.401494,0.000000,0.000000,0.000000,0.000000,other
0.000000,0.450043,0.000000,0.000000,0.000000,0.000000,other
0.000000,0.498177,0.000000,0.000000,0.000000,0.000000,other
0.000000,0.495932,0.000085,0.010180,0.000000,0.000000,other
0.000000,0.492775,0.000000,0.000000,0.000000,0.001469,other
0.000000,0.465856,0.000000,0.000000,0.000000,0.000000,other
0.000000,0.439995,0.000000,0.004155,0.000000,0.000768,other
0.000000,0.515102,0.000000,0.000000,0.000000,0.000000,other
0.000000,0.263382,0.000000,0.000000,0.000000,0.000000,other
0.000000,0.362362,0.000000,0.000389,0.000000,0.000000,other
0.000000,0.406574,0.000000,0.001004,0.000000,0.000000,other
0.000000,0.379663,0.000000,0.000000,0.000000,0.000000,other
0.000000,0.402507,0.000000,0.000000,0.000000,0.000000,other
0.000000,0.600349,0.000000,0.000000,0.000000,0.000000,other
0.000000,0.592802,0.000000,0.000000,0.000000,0.000000,other
0.000000,0.363910,0.000000,0.018149,0.000000,0.000000,other
0.000000,0.411382,0.000000,0.000000,0.000000,0.000000,other
0.000000,0.524152,0.000000,0.000000,0.000000,0.000000,other
0.000000,0.571577,0.000000,0.012912,0.000000,0.000000,other
0.000000,0.666804,0.000000,0.000000,0.000000,0.017592,other
0.000000,0.580874,0.000000,0.000000,0.000000,0.001368,other
0.000000,0.627087,0.000260,0.000000,0.000000,0.000390,other
0.000000,0.455162,0.000173,0.000000,0.000000,0.000000,other
0.000000,0.437823,0.000000,0.000000,0.000000,0.017052,other
0.000000,0.515288,0.000000,0.000000,0.000000,0.000000,other
